,x,z,m1,m2,m3
0,-0.5,-0.5,-1.0296247036,2.495707384,-2.1390860032
1,-0.5,-0.4,-1.0297189514,2.4954761278,-2.1393696192
2,-0.5,-0.3,-1.4972368075,2.0324533672,-2.3893993792
3,-0.5,-0.2,-2.0823846191,1.2103753643,-2.840793011
4,-0.5,-0.1,-2.6345971952,0.6241367218,-3.1230005337
5,-0.5,0.0,-3.3357413343,0.0357530697,-3.4623370462
6,-0.5,0.1,-3.9736417226,-0.461150895,-3.7780775799
7,-0.5,0.2,-4.7030663042,-0.9195441697,-4.1767631409
8,-0.5,0.3,-5.5342793604,-1.3113993847,-4.6799642535
9,-0.5,0.4,-6.1523728797,-1.3524870533,-4.7791774949
10,-0.5,0.5,-6.7188718484,-1.2647545878,-4.5943165838
11,-0.4,-0.5,-7.2805449816,-1.0338187298,-4.5650858095
12,-0.4,-0.4,-1.8956300259,-2.6459767419,-6.6899255627
13,-0.4,-0.3,-2.3318724544,-2.5352408368,-6.3936759935
14,-0.4,-0.2,-2.8499350456,-2.4734841066,-6.0119977933
15,-0.4,-0.1,-3.3654136769,-2.3958012469,-5.6736814258
16,-0.4,0.0,-3.8996659422,-2.3101858658,-5.3418594284
17,-0.4,0.1,-4.429618589,-2.2084994929,-5.072325614
18,-0.4,0.2,-4.9494779966,-2.1010762228,-4.8438995395
19,-0.4,0.3,-5.5318699334,-1.952037322,-4.6081404642
20,-0.4,0.4,-6.0101268004,-1.7953756956,-4.5118960279
21,-0.4,0.5,-6.5556312034,-1.7065672346,-4.3196733181
22,-0.3,-0.5,-7.1130195533,-1.5391875414,-4.2334139104
23,-0.3,-0.4,-0.5775922813,0.3750712563,-3.6265515849
24,-0.3,-0.3,-1.1394992887,-0.126020626,-3.7165494878
25,-0.3,-0.2,-1.7637852362,-0.771865753,-3.8846133501
26,-0.3,-0.1,-2.5197126425,-1.3712781407,-4.0889503903
27,-0.3,0.0,-3.2883477911,-1.8882097585,-4.317295307
28,-0.3,0.1,-4.136227869,-2.3726005852,-4.5859102055
29,-0.3,0.2,-4.7840068209,-2.4968575559,-4.6286847348
30,-0.3,0.3,-5.3066098862,-2.4009857475,-4.3811857022
31,-0.3,0.4,-5.804900515,-2.2738961073,-4.1943089359
32,-0.3,0.5,-6.344568537,-2.1210811867,-4.0531528146
33,-0.2,-0.5,-6.9313656848,-1.9971619371,-3.8783615807
34,-0.2,-0.4,0.167203415,1.1588331735,-2.6200708198
35,-0.2,-0.3,-0.300899999,0.6342814481,-2.5748746462
36,-0.2,-0.2,-0.9153702148,0.0472024296,-2.5748083236
37,-0.2,-0.1,-1.4595551489,-0.4477729462,-2.6199756994
38,-0.2,0.0,-2.4478303846,-1.3624755726,-3.1151072822
39,-0.2,0.1,-3.1200343467,-1.7438335048,-3.1820197151
40,-0.2,0.2,-3.9005333709,-2.088135479,-3.2941597375
41,-0.2,0.3,-4.6481818079,-2.2976090232,-3.4347032482
42,-0.2,0.4,-5.3504281224,-2.4352805946,-3.5228153228
43,-0.2,0.5,-6.0084041604,-2.4545280856,-3.5610493781
44,-0.1,-0.5,-6.5875620021,-2.3526540898,-3.5021977483
45,-0.1,-0.4,2.772204713,6.3052829208,2.9639862036
46,-0.1,-0.3,2.7144481901,5.6033600158,2.869163338
47,-0.1,-0.2,2.7321734049,4.9720037396,2.8665662881
48,-0.1,-0.1,2.6410190382,4.3679119497,2.9053038708
49,-0.1,0.0,2.5324763051,3.718292199,2.9474631715
50,-0.1,0.1,2.3739725885,3.102662212,3.0570715939
51,-0.1,0.2,2.2067861032,2.515514253,3.2348874834
52,-0.1,0.3,2.086425929,1.9925752118,3.5219060063
53,-0.1,0.4,1.9230187797,1.4222914967,3.7754290427
54,-0.1,0.5,1.9151802442,1.0454661846,4.2425620537
55,0.0,-0.5,1.840762372,0.5369226191,4.6741749964
56,0.0,-0.4,2.8198494963,5.0740789718,1.5323571953
57,0.0,-0.3,2.837474791,4.6082289524,1.7149622683
58,0.0,-0.2,2.8211145982,4.1717261207,1.9745564326
59,0.0,-0.1,2.8400924358,3.7434947534,2.2505942165
60,0.0,0.0,2.8355000382,3.2952130437,2.5236789032
61,0.0,0.1,2.8300087961,2.884848612,2.8452985785
62,0.0,0.2,2.84031322,2.466457411,3.2125237071
63,0.0,0.3,2.8688863542,2.0547508211,3.6216445917
64,0.0,0.4,2.9255719431,1.6144016328,4.1032132209
65,0.0,0.5,3.0740849762,1.2593091605,4.6370474799
66,0.1,-0.5,3.1885316258,0.8164179002,5.134632123
67,0.1,-0.4,2.9038527168,3.7685934607,0.2651155134
68,0.1,-0.3,2.984532045,3.55848898,0.6422260123
69,0.1,-0.2,2.9436086119,3.2918689928,1.0269683125
70,0.1,-0.1,2.9623556297,3.0230158569,1.4645712252
71,0.1,0.0,3.0367342321,2.8090943411,1.9504560537
72,0.1,0.1,3.213982715,2.5933411023,2.5235384042
73,0.1,0.2,3.4287628455,2.4427130792,3.1078868551
74,0.1,0.3,3.7638531465,2.2723968695,3.7631698501
75,0.1,0.4,4.0845722318,2.1037422132,4.3477146505
76,0.1,0.5,4.412475965,1.8587712901,4.9160261435
77,0.2,-0.5,4.8105777134,1.656807025,5.4046712102
78,0.2,-0.4,1.9242017638,0.066558131,-2.6759850604
79,0.2,-0.3,1.819409054,0.1471268926,-2.047095807
80,0.2,-0.2,1.7561395596,0.2516921861,-1.3474718497
81,0.2,-0.1,1.7253932286,0.3859341855,-0.6125077676
82,0.2,0.0,1.8687172233,0.519005069,0.2050409315
83,0.2,0.1,2.0335729087,0.6525218841,0.9267183456
84,0.2,0.2,2.3425981135,0.7809371018,1.7608321391
85,0.2,0.3,2.7055932621,0.8303334103,2.5421252881
86,0.2,0.4,3.1337233131,0.8249813582,3.2989585203
87,0.2,0.5,3.6851728311,0.8575038234,4.0618855695
88,0.3,-0.5,4.1853187449,0.8259124913,4.6965422634
89,0.3,-0.4,2.5666644079,0.0696604538,-2.5777902187
90,0.3,-0.3,2.5126415283,0.2930992499,-1.8409436244
91,0.3,-0.2,2.5966321301,0.5475769815,-1.0270171817
92,0.3,-0.1,2.7238227899,0.8135407249,-0.2172269076
93,0.3,0.0,2.9635527511,1.0869343349,0.5849340088
94,0.3,0.1,3.3719392884,1.4366346125,1.4764769887
95,0.3,0.2,3.8635384994,1.6641775504,2.3024933271
96,0.3,0.3,4.4006915019,1.8639601539,3.0548096472
97,0.3,0.4,4.9363635926,2.0099010953,3.7383111255
98,0.3,0.5,5.4932431791,2.0953707414,4.3599764611
99,0.4,-0.5,5.8093572132,1.858232856,4.755303136
100,0.4,-0.4,0.0855054254,-4.1092817307,-3.9020840959
101,0.4,-0.3,0.2192884032,-3.5712665355,-3.2577713679
102,0.4,-0.2,0.3928177641,-2.970929996,-2.4606908432
103,0.4,-0.1,0.6091408529,-2.4842981666,-1.7466434849
104,0.4,0.0,1.0067198752,-1.8070196597,-0.8537497948
105,0.4,0.1,1.3858708386,-1.3831332896,-0.0001455471
106,0.4,0.2,1.8434061094,-0.9806987614,0.830953264
107,0.4,0.3,2.589705215,-0.483674369,1.7903666007
108,0.4,0.4,3.1412196767,-0.2047419566,2.5666270928
109,0.4,0.5,3.7572671465,0.0133997653,3.3261158434
110,0.5,-0.5,4.3911829482,0.1622815865,3.9353518168
111,0.5,-0.4,5.2044260945,3.9852778327,0.0575091923
112,0.5,-0.3,5.579233806,4.1562249789,0.3974409667
113,0.5,-0.2,5.6788921063,3.8880053975,0.8304557579
114,0.5,-0.1,5.9167115428,3.915294493,1.3328250466
115,0.5,0.0,6.0758812073,3.7189903307,1.7553317339
116,0.5,0.1,6.2302878682,3.5199678181,2.1614873042
117,0.5,0.2,6.3975296805,3.2635178645,2.5721152806
118,0.5,0.3,6.5249360979,3.0528732044,2.9708619282
119,0.5,0.4,6.6641287237,2.7943087844,3.3476575697
120,0.5,0.5,6.8041652162,2.5096377294,3.7131949649
